number579
total area 62997.000000
total length 8593.000000
ID area length
1 275.000000 70.000000
2 37.000000 0.000000
3 340.000000 68.000000
4 322.000000 0.000000
5 21.000000 0.000000
6 67.000000 0.000000
7 135.000000 22.000000
8 42.000000 0.000000
9 83.000000 25.000000
10 41.000000 0.000000
11 1450.000000 214.000000
12 1.000000 0.000000
13 21.000000 0.000000
14 23.000000 0.000000
15 24.000000 0.000000
16 917.000000 144.000000
17 212.000000 46.000000
18 22.000000 0.000000
19 25.000000 0.000000
20 1.000000 0.000000
21 1.000000 0.000000
22 99.000000 23.000000
23 159.000000 0.000000
24 1.000000 0.000000
25 23.000000 0.000000
26 20.000000 0.000000
27 1.000000 0.000000
28 1.000000 0.000000
29 34.000000 0.000000
30 35.000000 0.000000
31 23.000000 0.000000
32 98.000000 17.000000
33 67.000000 18.000000
34 23.000000 0.000000
35 118.000000 23.000000
36 1.000000 0.000000
37 20.000000 0.000000
38 1.000000 0.000000
39 1.000000 0.000000
40 1.000000 0.000000
41 1.000000 0.000000
42 1.000000 0.000000
43 21.000000 0.000000
44 74.000000 0.000000
45 136.000000 33.000000
46 22.000000 0.000000
47 377.000000 45.000000
48 22.000000 0.000000
49 1065.000000 126.000000
50 302.000000 53.000000
51 26.000000 0.000000
52 27.000000 0.000000
53 1.000000 0.000000
54 466.000000 69.000000
55 2.000000 0.000000
56 25.000000 0.000000
57 25.000000 0.000000
58 383.000000 65.000000
59 141.000000 34.000000
60 363.000000 76.000000
61 114.000000 0.000000
62 21.000000 0.000000
63 1.000000 0.000000
64 202.000000 40.000000
65 67.000000 0.000000
66 7.000000 0.000000
67 93.000000 23.000000
68 46.000000 0.000000
69 451.000000 41.000000
70 127.000000 30.000000
71 131.000000 24.000000
72 22.000000 0.000000
73 37.000000 0.000000
74 1.000000 0.000000
75 441.000000 64.000000
76 1.000000 0.000000
77 47.000000 0.000000
78 22.000000 0.000000
79 8.000000 0.000000
80 16.000000 0.000000
81 34.000000 0.000000
82 2.000000 0.000000
83 1.000000 0.000000
84 33.000000 0.000000
85 189.000000 18.000000
86 122.000000 32.000000
87 2.000000 0.000000
88 2.000000 0.000000
89 311.000000 44.000000
90 1.000000 0.000000
91 190.000000 33.000000
92 65.000000 22.000000
93 26.000000 0.000000
94 23.000000 0.000000
95 2.000000 0.000000
96 1.000000 0.000000
97 46.000000 0.000000
98 4.000000 0.000000
99 2.000000 0.000000
100 2.000000 0.000000
101 47.000000 0.000000
102 2.000000 0.000000
103 1.000000 0.000000
104 37.000000 0.000000
105 54.000000 0.000000
106 124.000000 17.000000
107 1.000000 0.000000
108 55.000000 0.000000
109 4.000000 0.000000
110 48.000000 16.000000
111 1.000000 0.000000
112 4.000000 0.000000
113 371.000000 68.000000
114 40.000000 0.000000
115 114.000000 37.000000
116 348.000000 45.000000
117 65.000000 0.000000
118 79.000000 20.000000
119 4.000000 0.000000
120 21.000000 0.000000
121 26.000000 0.000000
122 2.000000 0.000000
123 41.000000 0.000000
124 8.000000 0.000000
125 1322.000000 192.000000
126 22.000000 0.000000
127 1.000000 0.000000
128 14.000000 0.000000
129 1861.000000 130.000000
130 1.000000 0.000000
131 1.000000 0.000000
132 54.000000 0.000000
133 43.000000 0.000000
134 51.000000 0.000000
135 32.000000 0.000000
136 3.000000 0.000000
137 38.000000 0.000000
138 5.000000 0.000000
139 3.000000 0.000000
140 26.000000 0.000000
141 98.000000 0.000000
142 111.000000 17.000000
143 14.000000 0.000000
144 21.000000 0.000000
145 2.000000 0.000000
146 20.000000 0.000000
147 21.000000 0.000000
148 48.000000 0.000000
149 71.000000 0.000000
150 34.000000 0.000000
151 21.000000 0.000000
152 2955.000000 438.000000
153 56.000000 0.000000
154 26.000000 0.000000
155 384.000000 53.000000
156 3.000000 0.000000
157 2.000000 0.000000
158 233.000000 36.000000
159 4.000000 0.000000
160 18.000000 0.000000
161 1.000000 0.000000
162 61.000000 0.000000
163 204.000000 45.000000
164 266.000000 47.000000
165 2.000000 0.000000
166 5.000000 0.000000
167 467.000000 80.000000
168 58.000000 0.000000
169 22.000000 0.000000
170 20.000000 0.000000
171 2.000000 0.000000
172 21.000000 0.000000
173 64.000000 0.000000
174 2.000000 0.000000
175 19.000000 0.000000
176 21.000000 0.000000
177 55.000000 0.000000
178 582.000000 79.000000
179 134.000000 0.000000
180 27.000000 0.000000
181 29.000000 0.000000
182 7.000000 0.000000
183 21.000000 0.000000
184 32.000000 0.000000
185 2.000000 0.000000
186 2.000000 0.000000
187 45.000000 0.000000
188 62.000000 0.000000
189 20.000000 0.000000
190 4.000000 0.000000
191 463.000000 70.000000
192 1.000000 0.000000
193 21.000000 0.000000
194 20.000000 0.000000
195 6.000000 0.000000
196 1.000000 0.000000
197 28.000000 0.000000
198 2.000000 0.000000
199 2.000000 0.000000
200 1.000000 0.000000
201 2.000000 0.000000
202 6.000000 0.000000
203 2.000000 0.000000
204 29.000000 0.000000
205 100.000000 21.000000
206 21.000000 0.000000
207 25.000000 0.000000
208 2.000000 0.000000
209 5.000000 0.000000
210 2.000000 0.000000
211 1.000000 0.000000
212 3.000000 0.000000
213 8.000000 0.000000
214 43.000000 0.000000
215 2.000000 0.000000
216 42.000000 0.000000
217 21.000000 0.000000
218 23.000000 0.000000
219 4.000000 0.000000
220 88.000000 24.000000
221 53.000000 0.000000
222 22.000000 0.000000
223 28.000000 0.000000
224 15.000000 0.000000
225 11.000000 0.000000
226 64.000000 0.000000
227 106.000000 0.000000
228 1.000000 0.000000
229 64.000000 23.000000
230 1257.000000 229.000000
231 20.000000 0.000000
232 22.000000 0.000000
233 1.000000 0.000000
234 35.000000 0.000000
235 32.000000 0.000000
236 231.000000 31.000000
237 1.000000 0.000000
238 113.000000 23.000000
239 38.000000 0.000000
240 337.000000 37.000000
241 78.000000 0.000000
242 33.000000 0.000000
243 24.000000 0.000000
244 22.000000 0.000000
245 146.000000 23.000000
246 28.000000 0.000000
247 392.000000 48.000000
248 257.000000 40.000000
249 32.000000 0.000000
250 1.000000 0.000000
251 35.000000 0.000000
252 3.000000 0.000000
253 24.000000 0.000000
254 1.000000 0.000000
255 1.000000 0.000000
256 120.000000 21.000000
257 831.000000 87.000000
258 2.000000 0.000000
259 21.000000 0.000000
260 22.000000 0.000000
261 14.000000 0.000000
262 1.000000 0.000000
263 122.000000 26.000000
264 1.000000 0.000000
265 40.000000 0.000000
266 1.000000 0.000000
267 260.000000 48.000000
268 277.000000 47.000000
269 56.000000 0.000000
270 1.000000 0.000000
271 32.000000 0.000000
272 25.000000 0.000000
273 20.000000 0.000000
274 107.000000 37.000000
275 22.000000 0.000000
276 1.000000 0.000000
277 9.000000 0.000000
278 10.000000 0.000000
279 2.000000 0.000000
280 2.000000 0.000000
281 4.000000 0.000000
282 20.000000 0.000000
283 212.000000 23.000000
284 1.000000 0.000000
285 3.000000 0.000000
286 3.000000 0.000000
287 1.000000 0.000000
288 27.000000 0.000000
289 20.000000 0.000000
290 4.000000 0.000000
291 2.000000 0.000000
292 3.000000 0.000000
293 3.000000 0.000000
294 1.000000 0.000000
295 20.000000 0.000000
296 42.000000 0.000000
297 129.000000 21.000000
298 39.000000 0.000000
299 21.000000 0.000000
300 1104.000000 172.000000
301 21.000000 0.000000
302 3.000000 0.000000
303 95.000000 23.000000
304 8.000000 0.000000
305 1370.000000 246.000000
306 427.000000 56.000000
307 1.000000 0.000000
308 1.000000 0.000000
309 273.000000 41.000000
310 1.000000 0.000000
311 38.000000 0.000000
312 37.000000 0.000000
313 20.000000 0.000000
314 120.000000 4.000000
315 68.000000 0.000000
316 55.000000 0.000000
317 23.000000 0.000000
318 4.000000 0.000000
319 24.000000 0.000000
320 8.000000 0.000000
321 21.000000 0.000000
322 62.000000 0.000000
323 1.000000 0.000000
324 782.000000 124.000000
325 21.000000 0.000000
326 47.000000 0.000000
327 49.000000 0.000000
328 128.000000 17.000000
329 1.000000 0.000000
330 24.000000 0.000000
331 4.000000 0.000000
332 42.000000 0.000000
333 37.000000 0.000000
334 71.000000 0.000000
335 4.000000 0.000000
336 2474.000000 334.000000
337 22.000000 0.000000
338 1.000000 0.000000
339 1.000000 0.000000
340 60.000000 21.000000
341 25.000000 0.000000
342 2.000000 0.000000
343 22.000000 0.000000
344 29.000000 0.000000
345 31.000000 0.000000
346 2.000000 0.000000
347 29.000000 0.000000
348 128.000000 40.000000
349 63.000000 0.000000
350 1.000000 0.000000
351 1.000000 0.000000
352 4.000000 0.000000
353 1.000000 0.000000
354 21.000000 0.000000
355 80.000000 0.000000
356 160.000000 21.000000
357 2.000000 0.000000
358 192.000000 30.000000
359 1.000000 0.000000
360 38.000000 0.000000
361 1.000000 0.000000
362 140.000000 29.000000
363 26.000000 0.000000
364 2.000000 0.000000
365 1.000000 0.000000
366 75.000000 17.000000
367 3.000000 0.000000
368 110.000000 19.000000
369 27.000000 0.000000
370 4.000000 0.000000
371 16.000000 0.000000
372 89.000000 27.000000
373 1.000000 0.000000
374 21.000000 0.000000
375 233.000000 33.000000
376 1.000000 0.000000
377 1.000000 0.000000
378 9.000000 0.000000
379 51.000000 0.000000
380 4.000000 0.000000
381 1.000000 0.000000
382 1.000000 0.000000
383 1.000000 0.000000
384 13.000000 0.000000
385 71.000000 17.000000
386 106.000000 20.000000
387 287.000000 41.000000
388 1.000000 0.000000
389 36.000000 0.000000
390 609.000000 118.000000
391 1.000000 0.000000
392 21.000000 0.000000
393 53.000000 18.000000
394 1.000000 0.000000
395 68.000000 19.000000
396 2.000000 0.000000
397 1.000000 0.000000
398 21.000000 0.000000
399 148.000000 0.000000
400 50.000000 0.000000
401 318.000000 48.000000
402 2.000000 0.000000
403 1.000000 0.000000
404 1.000000 0.000000
405 52.000000 0.000000
406 243.000000 42.000000
407 34.000000 0.000000
408 57.000000 0.000000
409 1.000000 0.000000
410 51.000000 18.000000
411 20.000000 0.000000
412 65.000000 0.000000
413 1.000000 0.000000
414 94.000000 26.000000
415 34.000000 0.000000
416 21.000000 0.000000
417 21.000000 0.000000
418 183.000000 24.000000
419 21.000000 0.000000
420 15.000000 0.000000
421 1.000000 0.000000
422 63.000000 0.000000
423 1.000000 0.000000
424 1.000000 0.000000
425 1.000000 0.000000
426 43.000000 0.000000
427 35.000000 0.000000
428 165.000000 0.000000
429 44.000000 0.000000
430 1.000000 0.000000
431 1.000000 0.000000
432 335.000000 64.000000
433 1.000000 0.000000
434 1.000000 0.000000
435 102.000000 0.000000
436 550.000000 86.000000
437 2.000000 0.000000
438 24.000000 0.000000
439 1.000000 0.000000
440 80.000000 21.000000
441 33.000000 0.000000
442 28.000000 0.000000
443 76.000000 0.000000
444 413.000000 70.000000
445 31.000000 0.000000
446 20.000000 0.000000
447 298.000000 32.000000
448 73.000000 20.000000
449 1014.000000 191.000000
450 36.000000 0.000000
451 27.000000 0.000000
452 1.000000 0.000000
453 22.000000 0.000000
454 3812.000000 525.000000
455 6.000000 0.000000
456 15.000000 0.000000
457 1.000000 0.000000
458 110.000000 30.000000
459 842.000000 120.000000
460 47.000000 0.000000
461 40.000000 0.000000
462 290.000000 59.000000
463 1.000000 0.000000
464 522.000000 96.000000
465 23.000000 0.000000
466 43.000000 0.000000
467 23.000000 0.000000
468 48.000000 0.000000
469 46.000000 0.000000
470 22.000000 0.000000
471 1.000000 0.000000
472 1.000000 0.000000
473 125.000000 22.000000
474 2.000000 0.000000
475 1.000000 0.000000
476 20.000000 0.000000
477 95.000000 0.000000
478 23.000000 0.000000
479 22.000000 0.000000
480 100.000000 0.000000
481 20.000000 0.000000
482 28.000000 0.000000
483 27.000000 0.000000
484 26.000000 0.000000
485 21.000000 0.000000
486 22.000000 0.000000
487 226.000000 44.000000
488 2.000000 0.000000
489 25.000000 0.000000
490 977.000000 119.000000
491 44.000000 16.000000
492 51.000000 19.000000
493 224.000000 52.000000
494 32.000000 0.000000
495 425.000000 63.000000
496 184.000000 50.000000
497 1.000000 0.000000
498 1296.000000 245.000000
499 20.000000 0.000000
500 73.000000 0.000000
501 23.000000 0.000000
502 158.000000 29.000000
503 62.000000 16.000000
504 112.000000 17.000000
505 300.000000 69.000000
506 21.000000 0.000000
507 4.000000 0.000000
508 53.000000 0.000000
509 1.000000 0.000000
510 28.000000 0.000000
511 20.000000 0.000000
512 20.000000 0.000000
513 45.000000 0.000000
514 251.000000 61.000000
515 74.000000 0.000000
516 21.000000 0.000000
517 48.000000 0.000000
518 35.000000 17.000000
519 54.000000 0.000000
520 76.000000 18.000000
521 81.000000 30.000000
522 24.000000 0.000000
523 109.000000 27.000000
524 20.000000 0.000000
525 65.000000 0.000000
526 59.000000 0.000000
527 21.000000 0.000000
528 665.000000 117.000000
529 23.000000 0.000000
530 27.000000 0.000000
531 21.000000 0.000000
532 87.000000 29.000000
533 25.000000 0.000000
534 22.000000 0.000000
535 355.000000 122.000000
536 26.000000 0.000000
537 142.000000 30.000000
538 34.000000 0.000000
539 48.000000 19.000000
540 189.000000 44.000000
541 51.000000 0.000000
542 38.000000 0.000000
543 20.000000 0.000000
544 30.000000 0.000000
545 45.000000 0.000000
546 783.000000 96.000000
547 38.000000 0.000000
548 20.000000 0.000000
549 21.000000 0.000000
550 36.000000 0.000000
551 419.000000 57.000000
552 128.000000 21.000000
553 1.000000 0.000000
554 98.000000 24.000000
555 132.000000 39.000000
556 397.000000 63.000000
557 30.000000 0.000000
558 23.000000 0.000000
559 312.000000 53.000000
560 205.000000 58.000000
561 36.000000 0.000000
562 1.000000 0.000000
563 230.000000 20.000000
564 27.000000 0.000000
565 66.000000 16.000000
566 40.000000 0.000000
567 28.000000 0.000000
568 73.000000 19.000000
569 249.000000 50.000000
570 68.000000 0.000000
571 38.000000 0.000000
572 23.000000 0.000000
573 1.000000 0.000000
574 615.000000 102.000000
575 61.000000 0.000000
576 21.000000 0.000000
577 32.000000 0.000000
578 25.000000 0.000000
579 23.000000 0.000000
